104232375204340
104232371113630
104232375204368
104232421223828
104232371414837
104232375204314
104232375204338
104232375204369
104232375204323
104232375204360
104232111616031
104232322120552
104232375204356
104232321220154
104232375204325
104232510625361
104232413023102
104232375204366
104232130316573
104232321520272
104232124016326
104232124616391
104232371515142
104232375204348
104232375204352
104232430624191
104232370107287
104232375204372
104232375204355
104232370812181
104232375204315
104232411122650