104232375204432
104232375204420
104232375204406
104232375204409
104232375204400
104232375204396
104232375204399
104232375204390
104232375204411
104232360122084
104232371715836
104232375204398
104232375204427
104232370711457
104232610326076
104232375204395
104232370509312
104232370308459
104232322120553
104232370812191
104232375204408
104232220619048
104232310619819
104232650626786
104232375204425
104232650626787
104232371414839
104232375204394
104232370610271
104232375204404
104232375204437
104232370912824
104232321120058
104232371615493
104232142518196
104232371013249
104232371314343
104232370107304
104232231919618
104232371314349
104232375204387
104232123416281
104232230519289
104232371113632
104232370812195
104232370711462
104232140117427
104232375204414
104232371113633
104232375204380
104232142518195
104232370711464
104232123316253
104232370107299
104232370107318
104232370912820