104232370408757
104232340621183
104232321720341
104232375203000
104232413023079
104232130316535
104232410922612
104232330120706
104232431224248
104232375203026
104232370912581
104232370711242
104232142118077
104232371715685
104232321119965
104232422823959
104232411122644
104232370106642
104232341321386
104232220719102
104232370912580
104232370711248
104232140917636
104232411622836
104232370812040
104232424024079
104232375203021
104232142218093
104232330120708
104232375203002
104232421123791
104232370106640
104232370106643
104232341221362
104232330820919
104232370408756
104232370106631
104232375203024
104232370106630
104232423824066
104232340121015
104232440124536
104232330720904
104232310619781
104232514825703
104232214118791
104232341121321
104232413323175
104232370609893
104232370106644
104232123416265
104232375203025
104232375203023
104232423123991
104232131016915
104232450224809
104232450224808
104232375203018
104232210218473
104232460625080
104232342921516
104232424024082
104232613426265
104232432624474
104232375203022
104232422823958
104232512925575
104232130716787