104232141517903
104232370308261
104232370912577
104232370609888
104232375202974
104232220719101
104232414023347
104232370812037
104232375202970
104232331120960
104232375202969
104232370609892
104232340421136
104232410622514
104232370308259
104232375202988
104232375202987
104232375202977
104232375202968
104232375202993
104232210218472
104232150118226
104232340121011
104232375202991
104232370812038
104232370609889
104232321119961
104232530325966
104232375202971
104232322220596
104232640126610
104232321119962
104232414023346
104232130816817