104232141117759
104232370107959
104232370610689
104232370610690
104232370610692
104232370812417
104232413923334
104232375205887
104232342221440
104232342421474
104232348721804
104232370912779
104232375203977
104232375203978
104232375203980
104232375203983
104232375203985
104232375203976
104232375203981
104232370107960
104232370107961
104232371515285
104232375205890
104232375205891
104232375205892
104232375205894
104232375205897
104232431524335
104232451424932
104232375205896
104232511225464
104232370812421
104232653326850
104232112216040
104232140217448
104232321119957
104232321720338
104232330220817
104232360222132
104232360622166
104232370106622
104232370609882
104232375202946
104232375202952
104232460324993
104232621626521
104232375202949
104232341121320
104232347221725
104232370106598
104232370106599
104232370711223
104232370812033
104232375202910
104232375202913
104232375202914
104232420523705
104232375202911
104232152318325
104232230819372
104232370106857
104232370812102
104232370912704
104232371615443
104232375203596
104232375203597
104232375203598
104232375203609
104232615126381
104232375203603
104232375203613
104232130416652
104232140517524
104232342421468
104232345721539
104232370509288
104232371615445
104232375203620
104232375203621
104232375203622
104232614126303
104232150418266
104232152118289
104232230319230
104232310619764
104232330220808
104232330720901
104232342921512
104232347021675
104232360222130
104232370106252
104232370106265
104232370811982
104232370811983
104232370912496
104232371514984
104232375202356
104232375202357
104232375202358
104232375202372
104232375202374
104232411522782
104232413423204
104232421223816
104232432924498
104232375202359
104232150118226
104232210218472
104232321119961
104232321119962
104232322220596
104232331120960
104232340121011
104232340421136
104232370308261
104232370609889
104232370609892
104232370812038
104232370912577
104232375202968
104232375202970
104232375202971
104232375202974
104232375202977
104232375202987
104232375202988
104232375202991
104232375202993
104232414023346
104232414023347
104232530325966
104232640126610
104232375202976
104232375202998
104232123416268
104232130216445
104232321920417
104232371113561
104232375203525
104232375203532
104232375203533
104232421223821
104232375203541
104232375203543
104232330120685
104232370912503
104232371113478
104232375202381
104232410822576
104232411522783
104232431224245
104232431824370
104232511325466
104232520225823
104232375202383
104232124016324
104232214518881
104232230319239
104232321119999
104232322220602
104232346421650
104232360722184
104232370106876
104232370308370
104232370610063
104232370812111
104232371013212
104232371314242
104232371515088
104232375203641
104232375203643
104232375203644
104232375203648
104232375203651
104232375203652
104232375203654
104232375203659
104232375203665
104232375203669
104232375203672
104232375203676
104232375203681
104232410122350
104232420323677
104232421223823
104232422823962
104232430224163
104232431824373
104232142518189
104232351021887
104232375203642
104232375203670
104232460224980
104232212018737
104232330120737
104232330120738
104232340121032
104232370106878
104232370106882
104232370106886
104232370106888
104232370308373
104232370308376
104232370408786
104232370610078
104232370610079
104232370610080
104232370610081
104232370610083
104232370912719
104232371414797
104232371414798
104232371715753
104232371715754
104232375203702
104232375203703
104232375203705
104232375203706
104232375203711
104232375203714
104232411322694
104232460725130
104232360122065
104232375203709
104232231619563
104232370106885
104232415323552
104232321720341
104232131016915
104232140917636
104232142118077
104232142218093
104232210218473
104232214118791
104232220719102
104232310619781
104232321119965
104232330120706
104232330720904
104232340121015
104232340621183
104232341121321
104232341221362
104232342921516
104232370106630
104232370106640
104232370106642
104232370106644
104232370408757
104232370609893
104232370711242
104232370711248
104232370812040
104232370912580
104232370912581
104232371715685
104232375203000
104232375203002
104232375203018
104232375203021
104232375203022
104232375203024
104232375203025
104232375203026
104232411122644
104232411622836
104232413023079
104232421123791
104232422823958
104232422823959
104232423123991
104232423824066
104232424024082
104232431224248
104232432624474
104232440124536
104232450224808
104232460625080
104232514825703
104232613426265
104232133817330
104232141817999
104232321120003
104232321220147
104232330120739
104232361522318
104232370610091
104232370711341
104232371013214
104232371113574
104232371314247
104232371414800
104232371715755
104232371715756
104232375203731
104232375203738
104232375203739
104232375203740
104232375203742
104232411922930
104232413223147
104232613326256
104232330120740
104232375203728
104232375203729
104232375203744
104232370912724
104232111616031
104232124016326
104232124616391
104232130316573
104232321220154
104232321420229
104232321520272
104232322120552
104232371113630
104232371414837
104232371515142
104232375204314
104232375204323
104232375204325
104232375204338
104232375204340
104232375204348
104232375204352
104232375204356
104232375204360
104232375204366
104232375204368
104232375204369
104232413023102
104232421223828
104232510625361
104232370107284
104232370107293
104232375204316
104232375204317
104232375204319
104232375204322
104232375204324
104232375204365
104232375204373
104232375204376
104232375204315
104232411122650
104232123416281
104232142518196
104232220619048
104232230519289
104232231919618
104232310619819
104232321120058
104232322120553
104232360122084
104232370107304
104232370308459
104232370509312
104232370610271
104232370711457
104232370812191
104232370812195
104232370912824
104232371013249
104232371113632
104232371314343
104232371314349
104232371414839
104232371615493
104232371715836
104232375204387
104232375204390
104232375204394
104232375204395
104232375204396
104232375204398
104232375204399
104232375204400
104232375204404
104232375204406
104232375204408
104232375204409
104232375204411
104232375204420
104232375204425
104232375204427
104232375204432
104232375204437
104232610326076
104232650626786
104232650626787
104232375204379
104232375204385
104232375204424
104232375204455
104232375204459
104232120716189
104232330620891
104232370107328
104232370107332
104232370107334
104232370408812
104232370610274
104232370912829
104232371715841
104232375204446
104232375204448
104232375204453
104232375204458
104232375204460
104232412523060
104232430224167
104232432424456
104232460725137
104232610526093
104232141017684
104232321720371
104232360122085
104232370107335
104232410522478
104232330120756
104232361222286
104232370107337
104232371515147
104232375204469
104232375204472
104232375204483
104232375204484
104232375204491
104232375204498
104232375204501
104232375204503
104232422223917
104232650626788
104232142518198
104232375204465
104232375204479
104232375204489
104232370107347
104232123416262
104232130216430
104232141517899
104232141517901
104232142518188
104232321119954
104232341221361
104232346021579
104232370106608
104232370106611
104232370106613
104232370106614
104232370106615
104232370106616
104232370106618
104232370308231
104232370308232
104232370308236
104232370308237
104232370308245
104232370308248
104232370308252
104232370308253
104232370308255
104232370609872
104232370609873
104232370609879
104232370711228
104232370812034
104232371414760
104232371715680
104232375202916
104232375202922
104232375202932
104232375202935
104232375202938
104232375202940
104232375202942
104232375202943
104232415523565
104232415523567
104232415523568
104232375202930
104232375202918
104232130316532
104232141617963
104232370308256
104232375202944
104232220719159
104232370107348
104232370711467
104232375204505
104232375204506
104232375204507
104232375204509
104232415423562
104232375204512
104232375204514
104232140617553
104232345721544
104232360122090
104232370912834
104232371414844
104232371515148
104232375204523
104232375204519
104232116116106
104232140417482
104232213918754
104232220719124
104232321520263
104232330720906
104232351221944
104232370106832
104232370106834
104232370106852
104232370106854
104232370308361
104232370711321
104232371314233
104232371615439
104232371715744
104232375203544
104232375203548
104232375203551
104232375203558
104232375203573
104232375203582
104232375203585
104232375203590
104232375203594
104232413923303
104232431924393
104232650526745
104232131016914
104232150418271
104232220719099
104232220719100
104232321119958
104232340121009
104232370711240
104232375202955
104232375202957
104232414123400
104232500325160
104232140217449
104232132117084
104232140117413
104232321119959
104232321920414
104232330120705
104232341021294
104232347021678
104232370106625
104232370106626
104232370609886
104232370609887
104232371515034
104232375202964
104232410822584
104232421623850
104232142418177
104232321120074
104232321420232
104232321520276
104232321920428
104232350121827
104232370711631
104232371515190
104232371715902
104232375205047
104232500725204
104232511225460
104232412323046
104232421423838